7.085790374738444308e-01 7.128629719875361204e-01 2.210106335462357352e-01
7.086204720909602406e-01 7.127049588205791597e-01 2.209316595024011509e-01
7.078200306239488260e-01 7.116556972354280974e-01 2.216463307346399070e-01
7.077446949564654144e-01 7.120858678453350077e-01 2.218232681309187659e-01
7.076655925056077878e-01 7.122031641088457654e-01 2.217491400494969733e-01
7.078219140156358780e-01 7.124407199472772012e-01 2.217368296698922492e-01
7.085376028567285100e-01 7.132230139418387349e-01 2.211685747770037735e-01
7.081402072107534362e-01 7.124592262758441263e-01 2.214130253502701873e-01
7.086336558327699375e-01 7.130967187381392902e-01 2.210423973248916985e-01
7.070459566405565832e-01 7.117573320050754049e-01 2.218907094387643497e-01
7.080609164207272155e-01 7.124489670905899130e-01 2.214412568524514735e-01
