7.410027027027027424e-01 7.393373882791454133e-01 1.803182384080363188e-01
7.409918918918918518e-01 7.383554201924650284e-01 1.804164561493289687e-01
7.401405405405405702e-01 7.384386929977420078e-01 1.804813813915305820e-01
7.411864864864864400e-01 7.382186830147433598e-01 1.805098816719166166e-01
7.407783783783783438e-01 7.386382643583055962e-01 1.805920681228744828e-01
7.416135135135135670e-01 7.388515491320244433e-01 1.803429441258709576e-01
7.404243243243243677e-01 7.382488072407059621e-01 1.807654892424832571e-01
7.408270270270270741e-01 7.388067007186778223e-01 1.803866766837901869e-01
7.408081081081081543e-01 7.386409469364414448e-01 1.804082517057246648e-01
7.404135135135134771e-01 7.382185929711164718e-01 1.804613721423084238e-01
7.408186486486487698e-01 7.385755045841367883e-01 1.804682759643864709e-01
