7.035898868557061148e-01 7.622264879516211789e-01 1.889888309900915608e-01
7.095963123341249013e-01 7.631250507406318606e-01 1.882395803872293771e-01
7.041486241095125109e-01 7.627346537965637996e-01 1.885842269382775327e-01
7.040089397960609396e-01 7.627949940073308621e-01 1.884074409480191725e-01
7.041486241095125109e-01 7.617722907287560741e-01 1.888115687340669313e-01
7.065232574381896669e-01 7.629601067658846603e-01 1.883399957376229450e-01
7.062438888112865243e-01 7.611632343635728049e-01 1.892004014412688173e-01
7.034502025422545435e-01 7.623726969238644458e-01 1.889383211772479310e-01
7.058248358709316994e-01 7.628219572203940313e-01 1.885090728536805704e-01
7.056851515574801281e-01 7.631215906726017684e-01 1.883195825794679312e-01
7.053219723425059318e-01 7.625093063171222152e-01 1.886339021786972436e-01
