6.768324324324324071e-01 6.729501649471406610e-01 2.363149293796974748e-01
6.723378378378378484e-01 6.684145400881732479e-01 2.434007308396287650e-01
6.788243243243243796e-01 6.742107820948646246e-01 2.352523079694900099e-01
6.735108108108107672e-01 6.686617201242646136e-01 2.429289025141511404e-01
6.735864864864864465e-01 6.686614733485015671e-01 2.430146445047372539e-01
6.771108108108108148e-01 6.730463762381093673e-01 2.361652859233661639e-01
6.671540540540540354e-01 6.628047065376270197e-01 2.505336472096103551e-01
6.811027027027026781e-01 6.756258190723162249e-01 2.339221415779325630e-01
6.792324324324324758e-01 6.745327323259753260e-01 2.355810542083592030e-01
6.773702702702703027e-01 6.731368230069474379e-01 2.363498411538650368e-01
6.757062162162161822e-01 6.712045137783919646e-01 2.393463485280837855e-01
