6.975834613772873283e-01 7.518613478163340691e-01 1.968070584557826685e-01
6.966056711831261072e-01 7.529770509722031324e-01 1.958627584849366721e-01
6.996787260790613416e-01 7.535099436447749710e-01 1.957704556200433044e-01
7.000977790194161665e-01 7.528280570671552763e-01 1.959612063065048482e-01
6.897611398239977820e-01 7.517802050014354975e-01 1.963070211288879818e-01
6.968850398100293608e-01 7.535575406781632735e-01 1.954604571747922681e-01
6.932532476602877303e-01 7.512787061168433311e-01 1.967493329314652373e-01
6.956278809889648862e-01 7.511897992468529184e-01 1.970624970826092559e-01
6.980025143176421532e-01 7.535336155736143127e-01 1.956243326125814697e-01
6.956278809889648862e-01 7.526892745823909880e-01 1.958524086396936092e-01
6.963123341248778075e-01 7.525205540699767548e-01 1.961457528437297315e-01
