7.408001024565077364e-01 7.448592525025216071e-01 1.845494767181112272e-01
7.413406358707014254e-01 7.448606509659336794e-01 1.845889058017403106e-01
7.414668231137361287e-01 7.447442487393550747e-01 1.843341373120238325e-01
7.409884416252163764e-01 7.445051853056121605e-01 1.845696545793001075e-01
7.415948937484579950e-01 7.451256372978711795e-01 1.843509494268049942e-01
7.412879009034629707e-01 7.448963856682069284e-01 1.846546266161236127e-01
7.408453038569978721e-01 7.443149238890744979e-01 1.846872626949640217e-01
7.406927491303438860e-01 7.447874335115083344e-01 1.845817096037428995e-01
7.407096996555276869e-01 7.447524749236000829e-01 1.847019489282817617e-01
7.408132861983174333e-01 7.445442549370058227e-01 1.844894759895072123e-01
7.410539836559270066e-01 7.447390447740690478e-01 1.845508147670600063e-01
