7.975295381310418819e-01 8.678749620161344547e-01 1.422900399715746056e-01
7.969924812030074746e-01 8.655714243704480948e-01 1.432661709228282565e-01
7.996777658431794000e-01 8.674314084907417399e-01 1.419275642146748673e-01
7.943071965628356601e-01 8.667844574923786460e-01 1.428287740465390976e-01
7.996777658431794000e-01 8.667109403334738449e-01 1.427228503109907176e-01
8.023630504833512145e-01 8.674461119225227446e-01 1.415844160845913247e-01
7.975295381310418819e-01 8.684042855602496225e-01 1.419664406690747949e-01
7.926960257787325492e-01 8.655242508601508344e-01 1.430501910505030394e-01
7.991407089151449927e-01 8.662649362361175553e-01 1.425160735688241198e-01
7.996777658431794000e-01 8.675196290814276567e-01 1.424748383529026996e-01
7.979591836734692967e-01 8.669532406363646970e-01 1.424627359192503773e-01
