8.029001074113856218e-01 8.695511532391659859e-01 1.408663848989417100e-01
7.996777658431794000e-01 8.690818687081565130e-01 1.409277137506115551e-01
8.034371643394200291e-01 8.681788329396080695e-01 1.410741130784478325e-01
7.964554242749731783e-01 8.682572512424399092e-01 1.417914577605914328e-01
8.007518796992481036e-01 8.685402923042238044e-01 1.412792028730277538e-01
7.980665950590762892e-01 8.691664134408970677e-01 1.405846337461835183e-01
8.018259935553169182e-01 8.694715096503523588e-01 1.409459050874619923e-01
8.018259935553169182e-01 8.690622641324484698e-01 1.409295651939701521e-01
8.012889366272825109e-01 8.682474489545860541e-01 1.412287026393723999e-01
7.975295381310418819e-01 8.688833723791133945e-01 1.411396144232744121e-01
8.003759398496240740e-01 8.688440406990991516e-01 1.410767293451882787e-01
